resultsFileName : 2016-02-08_linux_v1.0.6_node-v5.4.1_v100to1k_1454969185257.json
seq       nT       nO       nP    T-q50   T-q95   T-q99   T-max  T-stdev  P-q50   P-q95     mT%     mO%   testName                                                                 
  0     1000     1000        1    0.266   0.623   0.981   8.528   0.353   0.000   0.001 100.000   0.100   filterAsync_k1to100_fixedKey_k1d_v1kto1k                                   
 27     1000     1000        1    0.500   0.854   1.715  68.924   2.225   0.000   0.001 100.000   0.100   filterAsync_k1to100_fixedKey_k4d_v1kto1k                                   
 38      100      100      100   51.686  53.754  55.387  55.409   1.593   0.005   0.005 100.000   1.000   filter_k100to100_m100_v100to100                                            
  7      100      100       10    5.055   6.173   7.310   7.600   0.605   0.005   0.006  54.000   0.540   filter_k10to100_m50_v100to100                                              
 12     1000     1000       11   55.512  62.359  84.677 180.035   8.871   0.005   0.006  50.200   0.050   filter_k10to100_m50_v1kto1k                                                
 16     1000      100        1    0.889   1.281   5.320   6.677   0.710   0.009   0.013  81.500   1.933   filter_k1to100_charDotStar_v1kto100                                        
 34     1000     1000        1    9.290  12.872  23.811  40.722   2.935   0.009   0.013 100.000   1.886   filter_k1to100_charDotStar_v1kto1k                                         
 23     1000     1000        1    3.899   4.835   5.167  14.647   0.546   0.004   0.005 100.000   0.100   filter_k1to100_fixedKey_k1d_v1kto1k                                        
  4     1000     1000        1    6.057   6.913   7.341  36.994   1.161   0.006   0.007 100.000   0.100   filter_k1to100_fixedKey_k4d_v1kto1k                                        
  8      100      100        1    0.632   0.856   2.251   2.345   0.253   0.006   0.009  56.000   0.560   filter_k1to100_m50_v100to100                                               
  1     1000     1000        1    6.991   8.649   9.537  14.602   0.894   0.007   0.009  49.300   0.049   filter_k1to100_m50_v1kto1k                                                 
  3      100      100        1    0.609   1.205   1.532   1.653   0.189   0.006   0.012  42.000   4.060   filter_k1to1_pRegDotStar_tWord_m50_v100to100                               
 19     1000     1000        1    5.415   6.797   7.371   7.972   0.586   0.005   0.007  50.600   4.580   filter_k1to1_pRegDotStar_tWord_m50_v1kto1k                                 
 22      100      100        1    0.396   0.528   2.115   2.333   0.261   0.004   0.005  57.000   0.570   filter_k1to1_pWord_tWord_m50_v100to100                                     
 11     1000     1000        1    3.571   4.610   4.990   9.008   0.461   0.004   0.005  48.800   0.049   filter_k1to1_pWord_tWord_m50_v1kto1k                                       
  9      100        1        1    0.032   0.062   0.416   0.568   0.055   0.032   0.062  56.000  56.000   matchSimple_k1to100_m50_v100to100                                          
 10     1000        1        1    0.031   0.046   0.071   8.683   0.278   0.031   0.046  49.300  49.300   matchSimple_k1to100_m50_v1kto1k                                            
  6      100        1        1    0.016   0.030   0.351   0.535   0.052   0.016   0.030  57.000  57.000   matchSimple_k1to1_pWord_tWord_m50_v100to100                                
 37     1000        1        1    0.080   0.104   0.162   1.777   0.059   0.080   0.104  48.800  48.800   matchSimple_k1to1_pWord_tWord_m50_v1kto1k                                  
 17      100        1      100    0.784   2.411  43.167  65.263   6.443   0.008   0.024 100.000 100.000   match_k100to100_m100_v100to100                                             
 15     1000        1      100    0.709   0.819   5.281  11.547   0.822   0.007   0.008 100.000 100.000   match_k100to100_m100_v1kto1k                                               
 29      100        1       10    0.088   0.110   0.319   0.434   0.036   0.009   0.011  54.000  54.000   match_k10to100_m50_v100to100                                               
 18     1000        1       11    0.087   0.113   0.143   2.195   0.091   0.008   0.010  50.200  50.200   match_k10to100_m50_v1kto1k                                                 
 13      100        1        1    0.011   0.014   0.024   0.026   0.002   0.011   0.014  56.000  56.000   match_k1to100_m50_v100to100                                                
 20     1000        1        1    0.013   0.024   0.031   6.051   0.192   0.013   0.024  49.300  49.300   match_k1to100_m50_v1kto1k                                                  
  2      100        1        1    0.009   0.015   0.086   0.120   0.011   0.009   0.015  47.000  47.000   match_k1to1_pParagraph_tParagraph_m50_v100to100                            
 31     1000        1        1    0.005   0.006   0.018   0.025   0.002   0.005   0.006  49.500  49.500   match_k1to1_pParagraph_tParagraph_m50_v1kto1k                              
 14      100        1        1    0.004   0.014   0.344   0.536   0.053   0.004   0.014  47.000  47.000   match_k1to1_pString_tString_m50_v100to100                                  
 26     1000        1        1    0.004   0.005   0.018   0.036   0.002   0.004   0.005  50.800  50.800   match_k1to1_pString_tString_m50_v1kto1k                                    
 25      100        1        1    0.004   0.009   0.022   0.024   0.003   0.004   0.009  57.000  57.000   match_k1to1_pWord_tWord_m50_v100to100                                      
 36     1000        1        1    0.004   0.005   0.018   1.254   0.040   0.004   0.005  48.800  48.800   match_k1to1_pWord_tWord_m50_v1kto1k                                        
  5      100        1        1    0.012   0.044   0.459   0.517   0.061   0.012   0.044  42.000  42.000   regMatch_k1to1_pRegDotStar_tWord_m50_v100to100                             
 35     1000        1        1    0.011   0.029   0.042   0.089   0.010   0.011   0.029  50.100  50.100   regMatch_k1to1_pRegDotStar_tWord_m50_v1kto1k                               
 32      100        1        1    0.023   0.043   0.639   0.985   0.097   0.023   0.043  40.000  40.000   regMatch_k1to1_pRegDot_tWord_m50_v100to100                                 
 24     1000        1        1    0.022   0.037   0.041   0.136   0.010   0.022   0.037  44.800  44.800   regMatch_k1to1_pRegDot_tWord_m50_v1kto1k                                   
 33      100        1        1    0.009   0.022   0.037   0.046   0.005   0.009   0.022  57.000  57.000   regMatch_k1to1_pRegMidStr_tWord_m50_v100to100                              
 28     1000        1        1    0.008   0.010   0.023   0.470   0.018   0.008   0.010  48.200  48.200   regMatch_k1to1_pRegMidStr_tWord_m50_v1kto1k                                
 21      100        1        1    0.013   0.027   0.144   0.196   0.019   0.013   0.027  51.000  51.000   regMatch_k1to1_pRegPhone_tPhone_m50_v100to100                              
 30     1000        1        1    0.008   0.010   0.022   0.203   0.007   0.008   0.010  47.500  47.500   regMatch_k1to1_pRegPhone_tPhone_m50_v1kto1k                                
