resultsFileName : 2016-01-22_linux_v1.0.6_node-v5.4.1_all_1453429459694.json
seq       nT       nO       nP    T-q50   T-q95   T-q99   T-max  T-stdev  P-q50   P-q95     mT%     mO%   testName                                                                 
  4      100      100      100   89.058 124.925 188.341 193.112  18.053   0.009   0.012 100.000   1.000   filter_k100to100_m100_v100to100                                            
 37      100      100       10    9.006  61.736  63.400  63.620  22.132   0.009   0.062  54.000   0.540   filter_k10to100_m50_v100to100                                              
 34     1000     1000       11  155.259 179.284 322.007 489.005  31.498   0.014   0.016  50.200   0.050   filter_k10to100_m50_v1kto1k                                                
 19     1000      100        1    1.243   1.702  38.711  45.921   6.890   0.012   0.017  81.500   1.933   filter_k1to100_charDotStar_v1kto100                                        
  5     1000    10000        1  170.274 209.839 239.969 459.697  32.067   0.017   0.021 100.000   1.901   filter_k1to100_charDotStar_v1kto10k                                        
 27     1000     1000        1   16.556  77.572  86.517 327.649  27.826   0.017   0.078 100.000   1.886   filter_k1to100_charDotStar_v1kto1k                                         
  6      100      100        1    0.968   1.196  44.059  44.230   7.300   0.010   0.012  56.000   0.560   filter_k1to100_m50_v100to100                                               
 26     1000     1000        1   11.497  56.951  60.187  69.343  17.989   0.011   0.057  49.300   0.049   filter_k1to100_m50_v1kto1k                                                 
 22      100      100        1    0.849   2.135  46.114  46.310   7.413   0.008   0.021  42.000   4.060   filter_k1to1_pRegDotStar_tWord_m50_v100to100                               
 16     1000     1000        1    8.268  41.231  44.036 510.332  20.554   0.008   0.041  50.600   4.580   filter_k1to1_pRegDotStar_tWord_m50_v1kto1k                                 
 21      100      100        1    0.727   1.403  40.875  41.204   6.768   0.007   0.014  57.000   0.570   filter_k1to1_pWord_tWord_m50_v100to100                                     
 39     1000     1000        1    7.357  33.416  35.737 382.633  15.468   0.007   0.033  48.800   0.049   filter_k1to1_pWord_tWord_m50_v1kto1k                                       
 45      100        1        1    0.069   0.087   0.214   0.248   0.021   0.069   0.087  56.000  56.000   matchSimple_k1to100_m50_v100to100                                          
 38    10000        1        1    0.070   0.085   0.104   7.242   0.143   0.070   0.085  50.020  50.020   matchSimple_k1to100_m50_v10kto10k                                          
 46     1000        1        1    0.070   0.081   0.109   7.487   0.235   0.070   0.081  49.300  49.300   matchSimple_k1to100_m50_v1kto1k                                            
  2      100        1        1    0.015   0.018   0.174   0.258   0.024   0.015   0.018  57.000  57.000   matchSimple_k1to1_pWord_tWord_m50_v100to100                                
 32    10000        1        1    0.016   0.027   0.029   1.869   0.030   0.016   0.027  50.630  50.630   matchSimple_k1to1_pWord_tWord_m50_v10kto10k                                
 10     1000        1        1    0.057   0.064   0.091   3.512   0.111   0.057   0.064  48.800  48.800   matchSimple_k1to1_pWord_tWord_m50_v1kto1k                                  
 23      100        1      100    1.079   2.949   5.551   6.251   0.734   0.011   0.029 100.000 100.000   match_k100to100_m100_v100to100                                             
 12    10000        1      100    1.093   1.192   4.269 894.315   9.345   0.011   0.012 100.000 100.000   match_k100to100_m100_v10kto10k                                             
 36     1000        1      100    1.104   1.371   4.292  15.272   0.773   0.011   0.014 100.000 100.000   match_k100to100_m100_v1kto1k                                               
  3      100        1       10    0.124   0.199   0.515   0.689   0.062   0.012   0.020  54.000  54.000   match_k10to100_m50_v100to100                                               
  7    10000        1       10    0.116   0.130   0.140   6.854   0.157   0.012   0.013  49.910  49.910   match_k10to100_m50_v10kto10k                                               
 20     1000        1       11    0.119   0.305   0.386   7.735   0.268   0.011   0.028  50.200  50.200   match_k10to100_m50_v1kto1k                                                 
 13      100        1        1    0.015   0.027   0.034   0.036   0.004   0.015   0.027  56.000  56.000   match_k1to100_m50_v100to100                                                
 42    10000        1        1    0.015   0.022   0.029   5.477   0.071   0.015   0.022  50.020  50.020   match_k1to100_m50_v10kto10k                                                
 41     1000        1        1    0.016   0.021   0.029   7.153   0.226   0.016   0.021  49.300  49.300   match_k1to100_m50_v1kto1k                                                  
 35      100        1        1    0.007   0.010   0.105   0.153   0.015   0.007   0.010  47.000  47.000   match_k1to1_pParagraph_tParagraph_m50_v100to100                            
  9     1000        1        1    0.007   0.009   0.015   2.573   0.081   0.007   0.009  49.500  49.500   match_k1to1_pParagraph_tParagraph_m50_v1kto1k                              
 17      100        1        1    0.007   0.009   0.038   0.044   0.004   0.007   0.009  47.000  47.000   match_k1to1_pString_tString_m50_v100to100                                  
 29   100000        1        1    0.007   0.008   0.019   2.057   0.025   0.007   0.008  50.153  50.153   match_k1to1_pString_tString_m50_v10kto10k                                  
 40     1000        1        1    0.007   0.008   0.020   0.601   0.019   0.007   0.008  50.800  50.800   match_k1to1_pString_tString_m50_v1kto1k                                    
 30      100        1        1    0.007   0.016   0.028   0.029   0.004   0.007   0.016  57.000  57.000   match_k1to1_pWord_tWord_m50_v100to100                                      
 28    10000        1        1    0.007   0.008   0.019   2.059   0.028   0.007   0.008  50.630  50.630   match_k1to1_pWord_tWord_m50_v10kto10k                                      
  1     1000        1        1    0.008   0.010   0.021   1.721   0.072   0.008   0.010  48.800  48.800   match_k1to1_pWord_tWord_m50_v1kto1k                                        
  0      100        1        1    0.016   0.143   1.003   1.336   0.143   0.016   0.143  42.000  42.000   regMatch_k1to1_pRegDotStar_tWord_m50_v100to100                             
 43    10000        1        1    0.014   0.034   0.046   2.662   0.044   0.014   0.034  49.820  49.820   regMatch_k1to1_pRegDotStar_tWord_m50_v10kto10k                             
 25     1000        1        1    0.010   0.029   0.032   2.281   0.072   0.010   0.029  50.100  50.100   regMatch_k1to1_pRegDotStar_tWord_m50_v1kto1k                               
 11      100        1        1    0.021   0.034   0.063   0.071   0.011   0.021   0.034  40.000  40.000   regMatch_k1to1_pRegDot_tWord_m50_v100to100                                 
 15    10000        1        1    0.023   0.034   0.043   3.973   0.056   0.023   0.034  42.020  42.020   regMatch_k1to1_pRegDot_tWord_m50_v10kto10k                                 
 31     1000        1        1    0.023   0.036   0.047   0.102   0.009   0.023   0.036  44.800  44.800   regMatch_k1to1_pRegDot_tWord_m50_v1kto1k                                   
 33      100        1        1    0.011   0.022   0.138   0.202   0.019   0.011   0.022  57.000  57.000   regMatch_k1to1_pRegMidStr_tWord_m50_v100to100                              
 24    10000        1        1    0.011   0.027   0.038  39.144   0.396   0.011   0.027  50.350  50.350   regMatch_k1to1_pRegMidStr_tWord_m50_v10kto10k                              
  8     1000        1        1    0.010   0.011   0.016   0.043   0.002   0.010   0.011  48.200  48.200   regMatch_k1to1_pRegMidStr_tWord_m50_v1kto1k                                
 18      100        1        1    0.010   0.014   0.455   0.607   0.062   0.010   0.014  51.000  51.000   regMatch_k1to1_pRegPhone_tPhone_m50_v100to100                              
 14    10000        1        1    0.062   0.083   0.099   5.813   0.129   0.062   0.083   0.000      -    regMatch_k1to1_pRegPhone_tPhone_m50_v10kto10k                              
 44     1000        1        1    0.014   0.043   0.058   0.213   0.012   0.014   0.043  47.500  47.500   regMatch_k1to1_pRegPhone_tPhone_m50_v1kto1k                                
